lmSimple	500	200		1	3	3	0	5303867 
lmSimple	500	200		2	3	3	0	9810256 
lmSimple	500	200		3	3	3	0	8688529 
lmSimple	500	200		4	3	2	0	8584778 
lmSimple	500	200		5	3	3	0	2782623 
lmSimple	500	200		6	3	3	0	5370714 
lmSimple	500	200		7	3	2	0	8092288 
lmSimple	500	200		8	3	3	0	1241109 
lmSimple	500	200		9	3	3	0	6748047 
lmSimple	500	200		10	3	3	0	3953929 
lmSimple	500	200		11	3	3	0	1415192 
lmSimple	500	200		12	3	3	0	4033157 
lmSimple	500	200		13	3	3	0	7215255 
lmSimple	500	200		14	3	3	0	6069410 
lmSimple	500	200		15	3	3	0	7258168 
lmSimple	500	200		16	3	3	0	3437133 
lmSimple	500	200		17	3	3	0	2634429 
lmSimple	500	200		18	3	3	0	3004219 
lmSimple	500	200		19	3	3	0	3393491 
lmSimple	500	200		20	3	3	0	4711374 
lmSimple	500	200		21	3	3	0	8787039 
lmSimple	500	200		22	3	3	0	7200723 
lmSimple	500	200		23	3	3	0	4644137 
lmSimple	500	200		24	3	3	0	5104524 
lmSimple	500	200		25	3	3	0	8237096 
lmSimple	500	200		26	3	3	0	8968164 
lmSimple	500	200		27	3	3	0	2411009 
lmSimple	500	200		28	3	3	0	5713353 
lmSimple	500	200		29	3	2	0	6380251 
lmSimple	500	200		30	3	3	0	6856368 
lmSimple	1000	200		1	3	3	0	7975634 
lmSimple	1000	200		2	3	3	0	1785822 
lmSimple	1000	200		3	3	3	0	3297522 
lmSimple	1000	200		4	3	3	0	8810780 
lmSimple	1000	200		5	3	2	0	6948378 
lmSimple	1000	200		6	3	3	0	1097675 
lmSimple	1000	200		7	3	3	0	5814828 
lmSimple	1000	200		8	3	3	0	4868139 
lmSimple	1000	200		9	3	3	0	6382030 
lmSimple	1000	200		10	3	3	0	4405665 
lmSimple	1000	200		11	3	3	0	1116334 
lmSimple	1000	200		12	3	3	0	3267289 
lmSimple	1000	200		13	3	2	0	9247319 
lmSimple	1000	200		14	3	3	0	8842657 
lmSimple	1000	200		15	3	3	0	7074770 
lmSimple	1000	200		16	3	3	0	7371231 
lmSimple	1000	200		17	3	3	0	9677150 
lmSimple	1000	200		18	3	3	0	8636358 
lmSimple	1000	200		19	3	2	0	7449763 
lmSimple	1000	200		20	3	3	0	2022349 
lmSimple	1000	200		21	3	3	0	5254390 
lmSimple	1000	200		22	3	3	0	2018175 
lmSimple	1000	200		23	3	3	0	1426784 
lmSimple	1000	200		24	3	3	0	5253456 
lmSimple	1000	200		25	3	3	0	3019578 
lmSimple	1000	200		26	3	2	0	4559951 
lmSimple	1000	200		27	3	3	0	5905584 
lmSimple	1000	200		28	3	2	0	1366789 
lmSimple	1000	200		29	3	3	0	1897989 
lmSimple	1000	200		30	3	3	0	6595961 
lmSimple	500	500		1	3	3	0	4196051 
lmSimple	500	500		2	3	3	0	2394101 
lmSimple	500	500		3	3	3	0	6374488 
lmSimple	500	500		4	3	3	0	7766975 
lmSimple	500	500		5	3	3	0	4891486 
lmSimple	500	500		6	3	3	0	4148578 
lmSimple	500	500		7	3	3	0	7193630 
lmSimple	500	500		8	3	3	0	5455161 
lmSimple	500	500		9	3	3	0	6465018 
lmSimple	500	500		10	3	3	0	3383395 
lmSimple	500	500		11	3	3	0	4104010 
lmSimple	500	500		12	3	3	0	3227857 
lmSimple	500	500		13	3	3	0	6220417 
lmSimple	500	500		14	3	3	0	9750202 
lmSimple	500	500		15	3	3	0	2215656 
lmSimple	500	500		16	3	3	0	5492458 
lmSimple	500	500		17	3	3	0	4955448 
lmSimple	500	500		18	3	3	0	4576314 
lmSimple	500	500		19	3	3	0	4418106 
lmSimple	500	500		20	3	3	0	1945826 
lmSimple	500	500		21	3	3	0	7744300 
lmSimple	500	500		22	3	3	0	6243084 
lmSimple	500	500		23	3	3	0	3914075 
lmSimple	500	500		24	3	3	0	6031175 
lmSimple	500	500		25	3	3	0	6828603 
lmSimple	500	500		26	3	3	0	9357516 
lmSimple	500	500		27	3	3	0	8953736 
lmSimple	500	500		28	3	3	0	6713697 
lmSimple	500	500		29	3	3	0	4557684 
lmSimple	500	500		30	3	3	0	8698903 
lmSimple	1000	500		1	3	3	0	5025408 
lmSimple	1000	500		2	3	3	0	7403659 
lmSimple	1000	500		3	3	3	0	6552405 
lmSimple	1000	500		4	3	3	0	1517718 
lmSimple	1000	500		5	3	3	0	4387032 
lmSimple	1000	500		6	3	3	0	8124730 
lmSimple	1000	500		7	3	3	0	4812569 
lmSimple	1000	500		8	3	3	0	8991711 
lmSimple	1000	500		9	3	3	0	8094303 
lmSimple	1000	500		10	3	3	0	9408661 
lmSimple	1000	500		11	3	3	0	5837679 
lmSimple	1000	500		12	3	3	0	9403752 
lmSimple	1000	500		13	3	3	0	9119833 
lmSimple	1000	500		14	3	3	0	8034664 
lmSimple	1000	500		15	3	3	0	8596759 
lmSimple	1000	500		16	3	3	0	9082028 
lmSimple	1000	500		17	3	3	0	4381268 
lmSimple	1000	500		18	3	3	0	2708706 
lmSimple	1000	500		19	3	3	0	1364971 
lmSimple	1000	500		20	3	3	0	4172277 
lmSimple	1000	500		21	3	3	0	4720839 
lmSimple	1000	500		22	3	3	0	3745138 
lmSimple	1000	500		23	3	3	0	4246571 
lmSimple	1000	500		24	3	3	0	8551051 
lmSimple	1000	500		25	3	3	0	1287226 
lmSimple	1000	500		26	3	3	0	4559146 
lmSimple	1000	500		27	3	3	0	1641783 
lmSimple	1000	500		28	3	3	0	7985435 
lmSimple	1000	500		29	3	3	0	4942168 
lmSimple	1000	500		30	3	3	0	4731867 
lmCor	500	200	ar10.3	1	17	3	0	7794725 
lmCor	500	200	ar10.3	2	17	2	0	2243189 
lmCor	500	200	ar10.3	3	17	2	0	6365899 
lmCor	500	200	ar10.3	4	17	3	0	5083207 
lmCor	500	200	ar10.3	5	17	2	0	9692268 
lmCor	500	200	ar10.3	6	17	3	0	1502797 
lmCor	500	200	ar10.3	7	17	3	0	6940262 
lmCor	500	200	ar10.3	8	17	4	0	7582463 
lmCor	500	200	ar10.3	9	17	4	0	7010858 
lmCor	500	200	ar10.3	10	17	4	0	2436288 
lmCor	500	200	ar10.3	11	17	4	0	4056786 
lmCor	500	200	ar10.3	12	17	3	0	5649152 
lmCor	500	200	ar10.3	13	17	2	0	7308173 
lmCor	500	200	ar10.3	14	17	3	0	4673643 
lmCor	500	200	ar10.3	15	17	3	0	1280201 
lmCor	500	200	ar10.3	16	17	3	0	3692041 
lmCor	500	200	ar10.3	17	17	3	0	8001216 
lmCor	500	200	ar10.3	18	17	2	0	4620524 
lmCor	500	200	ar10.3	19	17	3	0	1956848 
lmCor	500	200	ar10.3	20	17	3	0	8455863 
lmCor	500	200	ar10.3	21	17	3	0	5328179 
lmCor	500	200	ar10.3	22	17	2	0	8538832 
lmCor	500	200	ar10.3	23	17	3	0	4307721 
lmCor	500	200	ar10.3	24	17	3	0	8906590 
lmCor	500	200	ar10.3	25	17	3	0	5550928 
lmCor	500	200	ar10.3	26	17	3	0	8937583 
lmCor	500	200	ar10.3	27	17	2	0	4115012 
lmCor	500	200	ar10.3	28	17	3	0	7111883 
lmCor	500	200	ar10.3	29	17	2	0	9747800 
lmCor	500	200	ar10.3	30	17	4	0	7565298 
lmCor	500	200	ar10.9	1	17	17	0	8536537 
lmCor	500	200	ar10.9	2	17	17	0	3535850 
lmCor	500	200	ar10.9	3	17	17	0	4665602 
lmCor	500	200	ar10.9	4	17	15	0	3230360 
lmCor	500	200	ar10.9	5	17	15	0	6800195 
lmCor	500	200	ar10.9	6	17	17	0	3188576 
lmCor	500	200	ar10.9	7	17	17	0	4618752 
lmCor	500	200	ar10.9	8	17	17	0	4515930 
lmCor	500	200	ar10.9	9	17	17	0	4180180 
lmCor	500	200	ar10.9	10	17	16	0	4544661 
lmCor	500	200	ar10.9	11	17	17	0	6195622 
lmCor	500	200	ar10.9	12	17	13	0	3326740 
lmCor	500	200	ar10.9	13	17	16	0	2985296 
lmCor	500	200	ar10.9	14	17	17	0	7271160 
lmCor	500	200	ar10.9	15	17	17	0	6221054 
lmCor	500	200	ar10.9	16	17	17	0	3932601 
lmCor	500	200	ar10.9	17	17	16	0	3149957 
lmCor	500	200	ar10.9	18	17	16	0	4243672 
lmCor	500	200	ar10.9	19	17	14	0	6899672 
lmCor	500	200	ar10.9	20	17	17	0	8670688 
lmCor	500	200	ar10.9	21	17	17	0	5376118 
lmCor	500	200	ar10.9	22	17	15	1	6305947 
lmCor	500	200	ar10.9	23	17	17	0	9719803 
lmCor	500	200	ar10.9	24	17	17	0	3655061 
lmCor	500	200	ar10.9	25	17	17	0	4992638 
lmCor	500	200	ar10.9	26	17	17	0	8289909 
lmCor	500	200	ar10.9	27	17	17	0	8779327 
lmCor	500	200	ar10.9	28	17	13	0	7063509 
lmCor	500	200	ar10.9	29	17	15	0	9814275 
lmCor	500	200	ar10.9	30	17	17	0	1547916 
lmCor	500	200	hub0.3	1	17	6	0	1034653 
lmCor	500	200	hub0.3	2	17	9	0	4154028 
lmCor	500	200	hub0.3	3	17	5	0	9350584 
lmCor	500	200	hub0.3	4	17	4	0	9100556 
lmCor	500	200	hub0.3	5	17	5	0	5489878 
lmCor	500	200	hub0.3	6	17	3	0	3232385 
lmCor	500	200	hub0.3	7	17	5	1	3333586 
lmCor	500	200	hub0.3	8	17	6	0	1257337 
lmCor	500	200	hub0.3	9	17	4	0	8154533 
lmCor	500	200	hub0.3	10	17	5	0	9649876 
lmCor	500	200	hub0.3	11	17	2	0	6108920 
lmCor	500	200	hub0.3	12	17	4	0	5754887 
lmCor	500	200	hub0.3	13	17	4	0	7703047 
lmCor	500	200	hub0.3	14	17	4	0	8044082 
lmCor	500	200	hub0.3	15	17	3	0	6076670 
lmCor	500	200	hub0.3	16	17	7	0	9701880 
lmCor	500	200	hub0.3	17	17	4	0	1947599 
lmCor	500	200	hub0.3	18	17	3	0	9874644 
lmCor	500	200	hub0.3	19	17	7	0	7823644 
lmCor	500	200	hub0.3	20	17	4	0	7693397 
lmCor	500	200	hub0.3	21	17	2	0	7266782 
lmCor	500	200	hub0.3	22	17	4	0	3799608 
lmCor	500	200	hub0.3	23	17	5	0	9426107 
lmCor	500	200	hub0.3	24	17	4	0	1338522 
lmCor	500	200	hub0.3	25	17	4	0	9003494 
lmCor	500	200	hub0.3	26	17	3	0	4907502 
lmCor	500	200	hub0.3	27	17	6	0	5869608 
lmCor	500	200	hub0.3	28	17	4	0	5788862 
lmCor	500	200	hub0.3	29	17	4	0	2686732 
lmCor	500	200	hub0.3	30	17	6	0	1540257 
lmCor	500	200	hub0.9	1	17	17	0	8184495 
lmCor	500	200	hub0.9	2	17	17	0	6168947 
lmCor	500	200	hub0.9	3	17	17	0	6414805 
lmCor	500	200	hub0.9	4	17	17	0	2326335 
lmCor	500	200	hub0.9	5	17	16	0	4945208 
lmCor	500	200	hub0.9	6	17	17	0	9161637 
lmCor	500	200	hub0.9	7	17	17	0	8347489 
lmCor	500	200	hub0.9	8	17	17	0	9084904 
lmCor	500	200	hub0.9	9	17	17	0	3413551 
lmCor	500	200	hub0.9	10	17	17	0	8115763 
lmCor	500	200	hub0.9	11	17	17	0	3051953 
lmCor	500	200	hub0.9	12	17	17	0	8452287 
lmCor	500	200	hub0.9	13	17	16	0	1851598 
lmCor	500	200	hub0.9	14	17	17	0	8156225 
lmCor	500	200	hub0.9	15	17	16	0	1222095 
lmCor	500	200	hub0.9	16	17	17	0	4593215 
lmCor	500	200	hub0.9	17	17	17	0	7478880 
lmCor	500	200	hub0.9	18	17	17	0	3926891 
lmCor	500	200	hub0.9	19	17	17	0	7745777 
lmCor	500	200	hub0.9	20	17	17	0	6355825 
lmCor	500	200	hub0.9	21	17	16	0	5329794 
lmCor	500	200	hub0.9	22	17	17	0	1191774 
lmCor	500	200	hub0.9	23	17	16	0	4912294 
lmCor	500	200	hub0.9	24	17	17	0	4206169 
lmCor	500	200	hub0.9	25	17	17	0	5388269 
lmCor	500	200	hub0.9	26	17	16	0	1531252 
lmCor	500	200	hub0.9	27	17	17	0	6013788 
lmCor	500	200	hub0.9	28	17	17	0	9188312 
lmCor	500	200	hub0.9	29	17	17	0	9644962 
lmCor	500	200	hub0.9	30	17	17	0	8667663 
lmCor	1000	200	ar10.3	1	17	3	0	9288072 
lmCor	1000	200	ar10.3	2	17	2	0	7654687 
lmCor	1000	200	ar10.3	3	17	2	0	5476749 
lmCor	1000	200	ar10.3	4	17	2	0	9813873 
lmCor	1000	200	ar10.3	5	17	3	0	4655447 
lmCor	1000	200	ar10.3	6	17	2	0	6125736 
lmCor	1000	200	ar10.3	7	17	3	0	8342831 
lmCor	1000	200	ar10.3	8	17	3	0	9034585 
lmCor	1000	200	ar10.3	9	17	3	0	8480770 
lmCor	1000	200	ar10.3	10	17	2	0	8208731 
lmCor	1000	200	ar10.3	11	17	2	0	8980287 
lmCor	1000	200	ar10.3	12	17	3	0	9667382 
lmCor	1000	200	ar10.3	13	17	2	0	2631756 
lmCor	1000	200	ar10.3	14	17	3	0	7791728 
lmCor	1000	200	ar10.3	15	17	3	0	2826510 
lmCor	1000	200	ar10.3	16	17	3	0	4765039 
lmCor	1000	200	ar10.3	17	17	2	0	9889482 
lmCor	1000	200	ar10.3	18	17	3	0	4877131 
lmCor	1000	200	ar10.3	19	17	3	0	1898670 
lmCor	1000	200	ar10.3	20	17	3	0	8802224 
lmCor	1000	200	ar10.3	21	17	3	0	4825851 
lmCor	1000	200	ar10.3	22	17	3	0	9381904 
lmCor	1000	200	ar10.3	23	17	2	0	9815050 
lmCor	1000	200	ar10.3	24	17	2	0	6750922 
lmCor	1000	200	ar10.3	25	17	3	0	6254548 
lmCor	1000	200	ar10.3	26	17	4	0	2438996 
lmCor	1000	200	ar10.3	27	17	3	0	3095818 
lmCor	1000	200	ar10.3	28	17	3	0	5685993 
lmCor	1000	200	ar10.3	29	17	3	0	8589794 
lmCor	1000	200	ar10.3	30	17	2	0	6264292 
lmCor	1000	200	ar10.9	1	17	17	0	8347822 
lmCor	1000	200	ar10.9	2	17	17	0	2319089 
lmCor	1000	200	ar10.9	3	17	17	0	8590486 
lmCor	1000	200	ar10.9	4	17	17	0	6581761 
lmCor	1000	200	ar10.9	5	17	16	0	9880138 
lmCor	1000	200	ar10.9	6	17	17	0	3456649 
lmCor	1000	200	ar10.9	7	17	13	0	8618489 
lmCor	1000	200	ar10.9	8	17	16	0	9213564 
lmCor	1000	200	ar10.9	9	17	16	0	1205932 
lmCor	1000	200	ar10.9	10	17	17	0	9493746 
lmCor	1000	200	ar10.9	11	17	15	0	2256593 
lmCor	1000	200	ar10.9	12	17	16	0	2028186 
lmCor	1000	200	ar10.9	13	17	17	0	1914658 
lmCor	1000	200	ar10.9	14	17	16	0	2031540 
lmCor	1000	200	ar10.9	15	17	17	0	6844658 
lmCor	1000	200	ar10.9	16	17	14	0	4854577 
lmCor	1000	200	ar10.9	17	17	17	0	4765922 
lmCor	1000	200	ar10.9	18	17	16	0	6019757 
lmCor	1000	200	ar10.9	19	17	17	0	8809380 
lmCor	1000	200	ar10.9	20	17	17	0	6169138 
lmCor	1000	200	ar10.9	21	17	17	0	8912533 
lmCor	1000	200	ar10.9	22	17	15	0	9215722 
lmCor	1000	200	ar10.9	23	17	17	0	9350746 
lmCor	1000	200	ar10.9	24	17	17	0	1557132 
lmCor	1000	200	ar10.9	25	17	17	0	9511037 
lmCor	1000	200	ar10.9	26	17	16	0	7860908 
lmCor	1000	200	ar10.9	27	17	13	0	7606690 
lmCor	1000	200	ar10.9	28	17	17	0	5017753 
lmCor	1000	200	ar10.9	29	17	16	0	6986413 
lmCor	1000	200	ar10.9	30	17	17	0	2588998 
lmCor	1000	200	hub0.3	1	17	5	0	5838549 
lmCor	1000	200	hub0.3	2	17	5	0	3474015 
lmCor	1000	200	hub0.3	3	17	4	0	7581311 
lmCor	1000	200	hub0.3	4	17	4	0	5261953 
lmCor	1000	200	hub0.3	5	17	2	0	3636070 
lmCor	1000	200	hub0.3	6	17	5	0	6308273 
lmCor	1000	200	hub0.3	7	17	4	0	5749462 
lmCor	1000	200	hub0.3	8	17	3	0	6672035 
lmCor	1000	200	hub0.3	9	17	6	0	5222645 
lmCor	1000	200	hub0.3	10	17	3	0	8700362 
lmCor	1000	200	hub0.3	11	17	6	0	4451455 
lmCor	1000	200	hub0.3	12	17	6	0	4177834 
lmCor	1000	200	hub0.3	13	17	3	0	3843895 
lmCor	1000	200	hub0.3	14	17	2	0	1810266 
lmCor	1000	200	hub0.3	15	17	5	0	5472763 
lmCor	1000	200	hub0.3	16	17	4	0	2989981 
lmCor	1000	200	hub0.3	17	17	5	0	3377623 
lmCor	1000	200	hub0.3	18	17	3	0	3716113 
lmCor	1000	200	hub0.3	19	17	2	0	8503248 
lmCor	1000	200	hub0.3	20	17	2	0	6609554 
lmCor	1000	200	hub0.3	21	17	5	0	9215092 
lmCor	1000	200	hub0.3	22	17	2	0	2218665 
lmCor	1000	200	hub0.3	23	17	4	0	7599597 
lmCor	1000	200	hub0.3	24	17	3	0	1098032 
lmCor	1000	200	hub0.3	25	17	5	0	5282857 
lmCor	1000	200	hub0.3	26	17	5	0	9151514 
lmCor	1000	200	hub0.3	27	17	5	0	1680538 
lmCor	1000	200	hub0.3	28	17	4	0	3307676 
lmCor	1000	200	hub0.3	29	17	6	0	4266658 
lmCor	1000	200	hub0.3	30	17	3	0	5737008 
lmCor	1000	200	hub0.9	1	17	17	0	3583850 
lmCor	1000	200	hub0.9	2	17	17	0	6725284 
lmCor	1000	200	hub0.9	3	17	17	0	9672864 
lmCor	1000	200	hub0.9	4	17	17	0	7793835 
lmCor	1000	200	hub0.9	5	17	17	0	8478158 
lmCor	1000	200	hub0.9	6	17	16	0	8474899 
lmCor	1000	200	hub0.9	7	17	16	0	6900041 
lmCor	1000	200	hub0.9	8	17	17	0	3844341 
lmCor	1000	200	hub0.9	9	17	17	0	3089312 
lmCor	1000	200	hub0.9	10	17	17	0	2068250 
lmCor	1000	200	hub0.9	11	17	17	0	9801021 
lmCor	1000	200	hub0.9	12	17	16	0	4265035 
lmCor	1000	200	hub0.9	13	17	16	0	2209300 
lmCor	1000	200	hub0.9	14	17	17	0	8843010 
lmCor	1000	200	hub0.9	15	17	17	0	5193331 
lmCor	1000	200	hub0.9	16	17	16	0	4636885 
lmCor	1000	200	hub0.9	17	17	16	0	6282943 
lmCor	1000	200	hub0.9	18	17	17	0	8124845 
lmCor	1000	200	hub0.9	19	17	17	0	8435305 
lmCor	1000	200	hub0.9	20	17	16	0	1401632 
lmCor	1000	200	hub0.9	21	17	17	0	3704561 
lmCor	1000	200	hub0.9	22	17	16	0	8972996 
lmCor	1000	200	hub0.9	23	17	17	0	8099512 
lmCor	1000	200	hub0.9	24	17	17	0	4001095 
lmCor	1000	200	hub0.9	25	17	16	0	7099319 
lmCor	1000	200	hub0.9	26	17	17	0	7648796 
lmCor	1000	200	hub0.9	27	17	16	0	5911584 
lmCor	1000	200	hub0.9	28	17	16	0	7335181 
lmCor	1000	200	hub0.9	29	17	17	0	3321667 
lmCor	1000	200	hub0.9	30	17	17	0	8510006 
lmCor	500	500	ar10.3	1	17	3	0	8115083 
lmCor	500	500	ar10.3	2	17	3	0	2728863 
lmCor	500	500	ar10.3	3	17	4	0	8940358 
lmCor	500	500	ar10.3	4	17	4	0	4486481 
lmCor	500	500	ar10.3	5	17	4	0	8602495 
lmCor	500	500	ar10.3	6	17	4	0	6821990 
lmCor	500	500	ar10.3	7	17	3	0	4491347 
lmCor	500	500	ar10.3	8	17	4	0	7598857 
lmCor	500	500	ar10.3	9	17	3	0	9274557 
lmCor	500	500	ar10.3	10	17	4	0	6699841 
lmCor	500	500	ar10.3	11	17	4	0	2160282 
lmCor	500	500	ar10.3	12	17	3	0	5601774 
lmCor	500	500	ar10.3	13	17	4	0	2094632 
lmCor	500	500	ar10.3	14	17	4	0	8635441 
lmCor	500	500	ar10.3	15	17	4	0	9443861 
lmCor	500	500	ar10.3	16	17	3	0	1100081 
lmCor	500	500	ar10.3	17	17	3	0	3935276 
lmCor	500	500	ar10.3	18	17	4	0	8323142 
lmCor	500	500	ar10.3	19	17	4	0	9449928 
lmCor	500	500	ar10.3	20	17	3	0	7493684 
lmCor	500	500	ar10.3	21	17	5	0	6525119 
lmCor	500	500	ar10.3	22	17	4	0	1555267 
lmCor	500	500	ar10.3	23	17	5	0	9800624 
lmCor	500	500	ar10.3	24	17	3	0	2967631 
lmCor	500	500	ar10.3	25	17	5	0	2382873 
lmCor	500	500	ar10.3	26	17	4	0	9810726 
lmCor	500	500	ar10.3	27	17	3	0	1454711 
lmCor	500	500	ar10.3	28	17	6	0	9852811 
lmCor	500	500	ar10.3	29	17	3	0	3386047 
lmCor	500	500	ar10.3	30	17	3	0	3841739 
lmCor	500	500	ar10.9	1	17	17	0	7751598 
lmCor	500	500	ar10.9	2	17	17	0	7141448 
lmCor	500	500	ar10.9	3	17	17	0	8909184 
lmCor	500	500	ar10.9	4	17	17	0	7412610 
lmCor	500	500	ar10.9	5	17	17	0	7610246 
lmCor	500	500	ar10.9	6	17	17	0	8746115 
lmCor	500	500	ar10.9	7	17	17	0	4043758 
lmCor	500	500	ar10.9	8	17	17	0	3542393 
lmCor	500	500	ar10.9	9	17	17	0	6984406 
lmCor	500	500	ar10.9	10	17	17	0	7507297 
lmCor	500	500	ar10.9	11	17	17	0	9022202 
lmCor	500	500	ar10.9	12	17	17	0	4984156 
lmCor	500	500	ar10.9	13	17	17	0	4264248 
lmCor	500	500	ar10.9	14	17	17	0	6501533 
lmCor	500	500	ar10.9	15	17	17	0	7172564 
lmCor	500	500	ar10.9	16	17	17	0	6461883 
lmCor	500	500	ar10.9	17	17	17	0	4310973 
lmCor	500	500	ar10.9	18	17	17	0	7093266 
lmCor	500	500	ar10.9	19	17	17	0	6749717 
lmCor	500	500	ar10.9	20	17	17	0	8999792 
lmCor	500	500	ar10.9	21	17	17	0	3347154 
lmCor	500	500	ar10.9	22	17	17	0	1476016 
lmCor	500	500	ar10.9	23	17	17	0	5800643 
lmCor	500	500	ar10.9	24	17	17	0	6756152 
lmCor	500	500	ar10.9	25	17	17	0	6708441 
lmCor	500	500	ar10.9	26	17	17	0	2628091 
lmCor	500	500	ar10.9	27	17	17	0	9225907 
lmCor	500	500	ar10.9	28	17	17	0	5051284 
lmCor	500	500	ar10.9	29	17	17	0	3515188 
lmCor	500	500	ar10.9	30	17	17	0	2382082 
lmCor	500	500	hub0.3	1	17	13	0	2295625 
lmCor	500	500	hub0.3	2	17	13	0	6774700 
lmCor	500	500	hub0.3	3	17	15	0	4952008 
lmCor	500	500	hub0.3	4	17	14	0	2688415 
lmCor	500	500	hub0.3	5	17	10	0	1433984 
lmCor	500	500	hub0.3	6	17	13	0	1238267 
lmCor	500	500	hub0.3	7	17	12	0	7395054 
lmCor	500	500	hub0.3	8	17	14	0	7922696 
lmCor	500	500	hub0.3	9	17	15	0	2841916 
lmCor	500	500	hub0.3	10	17	10	0	7044070 
lmCor	500	500	hub0.3	11	17	15	0	7927690 
lmCor	500	500	hub0.3	12	17	12	0	2321015 
lmCor	500	500	hub0.3	13	17	15	0	4004172 
lmCor	500	500	hub0.3	14	17	14	0	6815723 
lmCor	500	500	hub0.3	15	17	15	0	2216497 
lmCor	500	500	hub0.3	16	17	17	0	2899603 
lmCor	500	500	hub0.3	17	17	16	0	1893892 
lmCor	500	500	hub0.3	18	17	15	0	6859873 
lmCor	500	500	hub0.3	19	17	14	0	4675181 
lmCor	500	500	hub0.3	20	17	11	0	3644463 
lmCor	500	500	hub0.3	21	17	15	0	1512720 
lmCor	500	500	hub0.3	22	17	14	0	4383972 
lmCor	500	500	hub0.3	23	17	15	0	2973087 
lmCor	500	500	hub0.3	24	17	17	0	4670861 
lmCor	500	500	hub0.3	25	17	14	0	6806401 
lmCor	500	500	hub0.3	26	17	14	0	4444653 
lmCor	500	500	hub0.3	27	17	14	0	4990211 
lmCor	500	500	hub0.3	28	17	15	0	2918453 
lmCor	500	500	hub0.3	29	17	14	0	7077331 
lmCor	500	500	hub0.3	30	17	10	0	4441172 
lmCor	500	500	hub0.9	1	17	17	0	2315500 
lmCor	500	500	hub0.9	2	17	17	0	3970384 
lmCor	500	500	hub0.9	3	17	17	0	8120580 
lmCor	500	500	hub0.9	4	17	17	0	3998102 
lmCor	500	500	hub0.9	5	17	17	0	3483942 
lmCor	500	500	hub0.9	6	17	17	0	4993157 
lmCor	500	500	hub0.9	7	17	17	0	1650371 
lmCor	500	500	hub0.9	8	17	17	0	7505147 
lmCor	500	500	hub0.9	9	17	17	0	2430217 
lmCor	500	500	hub0.9	10	17	17	0	5120543 
lmCor	500	500	hub0.9	11	17	17	0	6018914 
lmCor	500	500	hub0.9	12	17	17	0	1503534 
lmCor	500	500	hub0.9	13	17	17	0	5949805 
lmCor	500	500	hub0.9	14	17	17	0	4964536 
lmCor	500	500	hub0.9	15	17	17	0	4712576 
lmCor	500	500	hub0.9	16	17	17	0	4382652 
lmCor	500	500	hub0.9	17	17	17	0	9265364 
lmCor	500	500	hub0.9	18	17	17	0	3313083 
lmCor	500	500	hub0.9	19	17	17	0	1368666 
lmCor	500	500	hub0.9	20	17	17	0	3653555 
lmCor	500	500	hub0.9	21	17	17	0	3663556 
lmCor	500	500	hub0.9	22	17	17	0	7908897 
lmCor	500	500	hub0.9	23	17	17	1	3096084 
lmCor	500	500	hub0.9	24	17	17	0	5956976 
lmCor	500	500	hub0.9	25	17	17	0	1650190 
lmCor	500	500	hub0.9	26	17	17	0	6381521 
lmCor	500	500	hub0.9	27	17	17	0	1357926 
lmCor	500	500	hub0.9	28	17	17	0	2473867 
lmCor	500	500	hub0.9	29	17	17	0	6049186 
lmCor	500	500	hub0.9	30	17	17	0	6900386 
lmCor	1000	500	ar10.3	1	17	4	0	7642037 
lmCor	1000	500	ar10.3	2	17	4	0	3121655 
lmCor	1000	500	ar10.3	3	17	3	0	7241008 
lmCor	1000	500	ar10.3	4	17	3	0	8124481 
lmCor	1000	500	ar10.3	5	17	3	0	8096087 
lmCor	1000	500	ar10.3	6	17	3	0	5211877 
lmCor	1000	500	ar10.3	7	17	5	0	5157291 
lmCor	1000	500	ar10.3	8	17	4	0	1218232 
lmCor	1000	500	ar10.3	9	17	4	0	8428733 
lmCor	1000	500	ar10.3	10	17	4	0	2863877 
lmCor	1000	500	ar10.3	11	17	4	0	7014013 
lmCor	1000	500	ar10.3	12	17	3	0	3548762 
lmCor	1000	500	ar10.3	13	17	4	0	3127407 
lmCor	1000	500	ar10.3	14	17	4	0	4848974 
lmCor	1000	500	ar10.3	15	17	4	0	1903393 
lmCor	1000	500	ar10.3	16	17	3	0	3730545 
lmCor	1000	500	ar10.3	17	17	5	0	5301372 
lmCor	1000	500	ar10.3	18	17	6	0	8322169 
lmCor	1000	500	ar10.3	19	17	4	0	8142395 
lmCor	1000	500	ar10.3	20	17	4	0	7822367 
lmCor	1000	500	ar10.3	21	17	4	0	6190649 
lmCor	1000	500	ar10.3	22	17	5	0	2099348 
lmCor	1000	500	ar10.3	23	17	4	0	8028265 
lmCor	1000	500	ar10.3	24	17	5	0	1126301 
lmCor	1000	500	ar10.3	25	17	4	0	4151275 
lmCor	1000	500	ar10.3	26	17	4	0	4004456 
lmCor	1000	500	ar10.3	27	17	3	0	3015798 
lmCor	1000	500	ar10.3	28	17	4	0	2665769 
lmCor	1000	500	ar10.3	29	17	4	0	1378354 
lmCor	1000	500	ar10.3	30	17	3	0	3908941 
lmCor	1000	500	ar10.9	1	17	17	0	1263796 
lmCor	1000	500	ar10.9	2	17	17	0	7122982 
lmCor	1000	500	ar10.9	3	17	17	0	8173078 
lmCor	1000	500	ar10.9	4	17	17	0	3173562 
lmCor	1000	500	ar10.9	5	17	17	0	3376796 
lmCor	1000	500	ar10.9	6	17	17	0	5189545 
lmCor	1000	500	ar10.9	7	17	17	0	9908155 
lmCor	1000	500	ar10.9	8	17	17	0	9218082 
lmCor	1000	500	ar10.9	9	17	17	0	6648184 
lmCor	1000	500	ar10.9	10	17	17	0	7081825 
lmCor	1000	500	ar10.9	11	17	17	0	2911203 
lmCor	1000	500	ar10.9	12	17	17	0	6501505 
lmCor	1000	500	ar10.9	13	17	17	0	7161868 
lmCor	1000	500	ar10.9	14	17	17	0	5155538 
lmCor	1000	500	ar10.9	15	17	17	0	3169945 
lmCor	1000	500	ar10.9	16	17	17	0	3220913 
lmCor	1000	500	ar10.9	17	17	17	0	7220178 
lmCor	1000	500	ar10.9	18	17	17	0	5952677 
lmCor	1000	500	ar10.9	19	17	17	0	3158188 
lmCor	1000	500	ar10.9	20	17	17	0	1194541 
lmCor	1000	500	ar10.9	21	17	17	0	3525669 
lmCor	1000	500	ar10.9	22	17	17	0	9422519 
lmCor	1000	500	ar10.9	23	17	17	0	5069915 
lmCor	1000	500	ar10.9	24	17	17	0	1654257 
lmCor	1000	500	ar10.9	25	17	17	0	4127202 
lmCor	1000	500	ar10.9	26	17	17	0	7950148 
lmCor	1000	500	ar10.9	27	17	17	0	7195257 
lmCor	1000	500	ar10.9	28	17	17	0	1054970 
lmCor	1000	500	ar10.9	29	17	17	0	9009018 
lmCor	1000	500	ar10.9	30	17	17	0	4782778 
lmCor	1000	500	hub0.3	1	17	12	0	4675869 
lmCor	1000	500	hub0.3	2	17	9	0	9176776 
lmCor	1000	500	hub0.3	3	17	15	0	5527326 
lmCor	1000	500	hub0.3	4	17	12	0	4512987 
lmCor	1000	500	hub0.3	5	17	13	0	3589314 
lmCor	1000	500	hub0.3	6	17	13	0	1361179 
lmCor	1000	500	hub0.3	7	17	13	0	7268715 
lmCor	1000	500	hub0.3	8	17	16	0	6211311 
lmCor	1000	500	hub0.3	9	17	10	0	3674121 
lmCor	1000	500	hub0.3	10	17	12	0	9600007 
lmCor	1000	500	hub0.3	11	17	13	0	9039229 
lmCor	1000	500	hub0.3	12	17	12	0	4230148 
lmCor	1000	500	hub0.3	13	17	13	0	1562851 
lmCor	1000	500	hub0.3	14	17	13	0	8375616 
lmCor	1000	500	hub0.3	15	17	11	0	2756953 
lmCor	1000	500	hub0.3	16	17	13	0	1575164 
lmCor	1000	500	hub0.3	17	17	11	0	9918050 
lmCor	1000	500	hub0.3	18	17	13	0	4337138 
lmCor	1000	500	hub0.3	19	17	10	0	6483334 
lmCor	1000	500	hub0.3	20	17	14	0	2432451 
lmCor	1000	500	hub0.3	21	17	6	0	6739002 
lmCor	1000	500	hub0.3	22	17	13	0	7755831 
lmCor	1000	500	hub0.3	23	17	16	0	8906768 
lmCor	1000	500	hub0.3	24	17	12	0	8889495 
lmCor	1000	500	hub0.3	25	17	8	0	3924709 
lmCor	1000	500	hub0.3	26	17	14	0	4257857 
lmCor	1000	500	hub0.3	27	17	11	0	8331503 
lmCor	1000	500	hub0.3	28	17	13	0	5544052 
lmCor	1000	500	hub0.3	29	17	15	0	2929122 
lmCor	1000	500	hub0.3	30	17	14	0	8043047 
lmCor	1000	500	hub0.9	1	17	17	0	3719811 
lmCor	1000	500	hub0.9	2	17	17	0	2669405 
lmCor	1000	500	hub0.9	3	17	17	0	7044126 
lmCor	1000	500	hub0.9	4	17	17	0	4801665 
lmCor	1000	500	hub0.9	5	17	17	0	5774704 
lmCor	1000	500	hub0.9	6	17	17	0	8979550 
lmCor	1000	500	hub0.9	7	17	17	0	9061583 
lmCor	1000	500	hub0.9	8	17	17	0	5118553 
lmCor	1000	500	hub0.9	9	17	17	0	7185708 
lmCor	1000	500	hub0.9	10	17	17	0	6464836 
lmCor	1000	500	hub0.9	11	17	17	0	4306861 
lmCor	1000	500	hub0.9	12	17	17	0	1965966 
lmCor	1000	500	hub0.9	13	17	17	0	9395363 
lmCor	1000	500	hub0.9	14	17	17	0	9846510 
lmCor	1000	500	hub0.9	15	17	17	0	3887147 
lmCor	1000	500	hub0.9	16	17	17	0	2674330 
lmCor	1000	500	hub0.9	17	17	17	0	7415865 
lmCor	1000	500	hub0.9	18	17	17	0	1775364 
lmCor	1000	500	hub0.9	19	17	17	0	1589053 
lmCor	1000	500	hub0.9	20	17	17	0	8345494 
lmCor	1000	500	hub0.9	21	17	17	0	2369915 
lmCor	1000	500	hub0.9	22	17	17	0	5472229 
lmCor	1000	500	hub0.9	23	17	17	0	8092679 
lmCor	1000	500	hub0.9	24	17	17	0	2783587 
lmCor	1000	500	hub0.9	25	17	17	0	1326773 
lmCor	1000	500	hub0.9	26	17	17	0	4314914 
lmCor	1000	500	hub0.9	27	17	17	0	3509887 
lmCor	1000	500	hub0.9	28	17	17	0	1957707 
lmCor	1000	500	hub0.9	29	17	17	0	4590068 
lmCor	1000	500	hub0.9	30	17	17	0	7516364 
ar1	500	200	0.3	1	499	231	0	9822498 
ar1	500	200	0.3	2	499	226	0	6053942 
ar1	500	200	0.3	3	499	217	0	3437273 
ar1	500	200	0.3	4	499	211	0	8177762 
ar1	500	200	0.3	5	499	203	0	3461382 
ar1	500	200	0.3	6	499	203	0	5962918 
ar1	500	200	0.3	7	499	228	0	2925862 
ar1	500	200	0.3	8	499	224	0	4615354 
ar1	500	200	0.3	9	499	224	0	9563173 
ar1	500	200	0.3	10	499	219	0	8899275 
ar1	500	200	0.3	11	499	230	0	1981962 
ar1	500	200	0.3	12	499	220	0	3198150 
ar1	500	200	0.3	13	499	221	0	1048636 
ar1	500	200	0.3	14	499	220	0	3509724 
ar1	500	200	0.3	15	499	227	0	5562993 
ar1	500	200	0.3	16	499	220	0	4241429 
ar1	500	200	0.3	17	499	206	0	8851559 
ar1	500	200	0.3	18	499	221	0	8086447 
ar1	500	200	0.3	19	499	230	0	6325136 
ar1	500	200	0.3	20	499	236	0	5105879 
ar1	500	200	0.3	21	499	222	0	2075225 
ar1	500	200	0.3	22	499	216	0	1273407 
ar1	500	200	0.3	23	499	233	0	2595546 
ar1	500	200	0.3	24	499	227	0	2663178 
ar1	500	200	0.3	25	499	222	0	9231620 
ar1	500	200	0.3	26	499	221	0	4809482 
ar1	500	200	0.3	27	499	233	0	6160486 
ar1	500	200	0.3	28	499	223	0	1181355 
ar1	500	200	0.3	29	499	226	0	9592721 
ar1	500	200	0.3	30	499	247	0	8281630 
ar1	500	200	0.9	1	499	499	0	3697871 
ar1	500	200	0.9	2	499	499	0	2143314 
ar1	500	200	0.9	3	499	499	0	1570522 
ar1	500	200	0.9	4	499	499	0	9803792 
ar1	500	200	0.9	5	499	499	0	3040165 
ar1	500	200	0.9	6	499	499	0	3645203 
ar1	500	200	0.9	7	499	499	0	9212839 
ar1	500	200	0.9	8	499	499	0	8704866 
ar1	500	200	0.9	9	499	499	0	5486879 
ar1	500	200	0.9	10	499	499	0	4163284 
ar1	500	200	0.9	11	499	499	0	1455444 
ar1	500	200	0.9	12	499	499	0	7875028 
ar1	500	200	0.9	13	499	499	0	1616513 
ar1	500	200	0.9	14	499	499	0	6325507 
ar1	500	200	0.9	15	499	499	0	8529097 
ar1	500	200	0.9	16	499	499	0	4634887 
ar1	500	200	0.9	17	499	499	0	8613973 
ar1	500	200	0.9	18	499	499	0	1810306 
ar1	500	200	0.9	19	499	499	0	4764499 
ar1	500	200	0.9	20	499	499	0	4840828 
ar1	500	200	0.9	21	499	499	0	1121472 
ar1	500	200	0.9	22	499	499	0	3010908 
ar1	500	200	0.9	23	499	499	0	1009034 
ar1	500	200	0.9	24	499	499	0	2164201 
ar1	500	200	0.9	25	499	499	0	9268128 
ar1	500	200	0.9	26	499	499	0	1949483 
ar1	500	200	0.9	27	499	499	0	3815051 
ar1	500	200	0.9	28	499	499	0	5675371 
ar1	500	200	0.9	29	499	499	0	4663250 
ar1	500	200	0.9	30	499	499	0	8981372 
ar1	1000	200	0.3	1	999	366	0	8050654 
ar1	1000	200	0.3	2	999	354	0	7265048 
ar1	1000	200	0.3	3	999	335	0	4832820 
ar1	1000	200	0.3	4	999	334	0	9878934 
ar1	1000	200	0.3	5	999	356	0	6971858 
ar1	1000	200	0.3	6	999	303	0	3658279 
ar1	1000	200	0.3	7	999	310	0	9048638 
ar1	1000	200	0.3	8	999	339	0	1029486 
ar1	1000	200	0.3	9	999	337	0	6037030 
ar1	1000	200	0.3	10	999	343	0	6701278 
ar1	1000	200	0.3	11	999	336	0	7584064 
ar1	1000	200	0.3	12	999	343	0	5372874 
ar1	1000	200	0.3	13	999	306	0	9729824 
ar1	1000	200	0.3	14	999	316	0	3300664 
ar1	1000	200	0.3	15	999	324	0	3435168 
ar1	1000	200	0.3	16	999	327	0	7019853 
ar1	1000	200	0.3	17	999	334	0	6773112 
ar1	1000	200	0.3	18	999	347	0	5460663 
ar1	1000	200	0.3	19	999	311	0	6198240 
ar1	1000	200	0.3	20	999	323	0	1349638 
ar1	1000	200	0.3	21	999	313	0	9268331 
ar1	1000	200	0.3	22	999	307	0	6858978 
ar1	1000	200	0.3	23	999	342	0	2249928 
ar1	1000	200	0.3	24	999	345	0	6522959 
ar1	1000	200	0.3	25	999	352	0	4712513 
ar1	1000	200	0.3	26	999	335	0	1807103 
ar1	1000	200	0.3	27	999	329	0	6735774 
ar1	1000	200	0.3	28	999	341	0	6751822 
ar1	1000	200	0.3	29	999	336	0	1455396 
ar1	1000	200	0.3	30	999	346	0	1023073 
ar1	1000	200	0.9	1	999	999	0	7745488 
ar1	1000	200	0.9	2	999	999	0	3411030 
ar1	1000	200	0.9	3	999	999	0	3025501 
ar1	1000	200	0.9	4	999	999	0	6484877 
ar1	1000	200	0.9	5	999	999	0	1527450 
ar1	1000	200	0.9	6	999	999	0	7340671 
ar1	1000	200	0.9	7	999	999	0	1801362 
ar1	1000	200	0.9	8	999	999	0	3292880 
ar1	1000	200	0.9	9	999	999	0	4768038 
ar1	1000	200	0.9	10	999	999	0	2585096 
ar1	1000	200	0.9	11	999	999	0	9678400 
ar1	1000	200	0.9	12	999	999	0	4564227 
ar1	1000	200	0.9	13	999	999	0	6070243 
ar1	1000	200	0.9	14	999	999	0	1102528 
ar1	1000	200	0.9	15	999	999	0	3299882 
ar1	1000	200	0.9	16	999	999	0	9370781 
ar1	1000	200	0.9	17	999	999	0	6272381 
ar1	1000	200	0.9	18	999	999	0	2366379 
ar1	1000	200	0.9	19	999	999	0	7243397 
ar1	1000	200	0.9	20	999	999	0	2375895 
ar1	1000	200	0.9	21	999	999	0	5698670 
ar1	1000	200	0.9	22	999	999	0	6134331 
ar1	1000	200	0.9	23	999	999	0	4534755 
ar1	1000	200	0.9	24	999	999	0	1302549 
ar1	1000	200	0.9	25	999	999	0	5125708 
ar1	1000	200	0.9	26	999	999	0	8909253 
ar1	1000	200	0.9	27	999	999	0	5568898 
ar1	1000	200	0.9	28	999	999	0	9198802 
ar1	1000	200	0.9	29	999	999	0	6281956 
ar1	1000	200	0.9	30	999	999	0	5472293 
ar1	500	500	0.3	1	499	496	0	3398445 
ar1	500	500	0.3	2	499	498	0	1946456 
ar1	500	500	0.3	3	499	495	0	1173118 
ar1	500	500	0.3	4	499	495	0	5875751 
ar1	500	500	0.3	5	499	496	0	7903544 
ar1	500	500	0.3	6	499	495	0	8571121 
ar1	500	500	0.3	7	499	497	0	5879660 
ar1	500	500	0.3	8	499	497	0	7435989 
ar1	500	500	0.3	9	499	496	0	7809775 
ar1	500	500	0.3	10	499	497	0	6599295 
ar1	500	500	0.3	11	499	495	0	2539172 
ar1	500	500	0.3	12	499	498	0	1176583 
ar1	500	500	0.3	13	499	495	0	4241948 
ar1	500	500	0.3	14	499	495	0	7288845 
ar1	500	500	0.3	15	499	496	0	6471578 
ar1	500	500	0.3	16	499	496	0	5322297 
ar1	500	500	0.3	17	499	491	0	9283499 
ar1	500	500	0.3	18	499	493	0	3501305 
ar1	500	500	0.3	19	499	494	0	7282725 
ar1	500	500	0.3	20	499	496	0	6401729 
ar1	500	500	0.3	21	499	492	0	8993615 
ar1	500	500	0.3	22	499	495	0	3712712 
ar1	500	500	0.3	23	499	496	0	6986770 
ar1	500	500	0.3	24	499	497	0	7630592 
ar1	500	500	0.3	25	499	496	0	7503072 
ar1	500	500	0.3	26	499	496	0	6552055 
ar1	500	500	0.3	27	499	495	0	8751567 
ar1	500	500	0.3	28	499	495	0	4783683 
ar1	500	500	0.3	29	499	498	0	2973163 
ar1	500	500	0.3	30	499	496	0	1443071 
ar1	500	500	0.9	1	499	499	0	8253655 
ar1	500	500	0.9	2	499	499	0	1197019 
ar1	500	500	0.9	3	499	499	0	9042265 
ar1	500	500	0.9	4	499	499	0	4500502 
ar1	500	500	0.9	5	499	499	0	6603023 
ar1	500	500	0.9	6	499	499	0	8256111 
ar1	500	500	0.9	7	499	499	0	8782121 
ar1	500	500	0.9	8	499	499	0	6599701 
ar1	500	500	0.9	9	499	499	0	1639820 
ar1	500	500	0.9	10	499	499	0	1710916 
ar1	500	500	0.9	11	499	499	0	5675517 
ar1	500	500	0.9	12	499	499	0	5764799 
ar1	500	500	0.9	13	499	499	0	6268354 
ar1	500	500	0.9	14	499	499	0	6470083 
ar1	500	500	0.9	15	499	499	0	8367350 
ar1	500	500	0.9	16	499	499	0	8933654 
ar1	500	500	0.9	17	499	499	0	7656662 
ar1	500	500	0.9	18	499	499	0	6850041 
ar1	500	500	0.9	19	499	499	0	9770494 
ar1	500	500	0.9	20	499	499	0	6363030 
